1 1 500
1 2 500
1 3 500
1 4 500
1 5 500
1 6 1500
1 7 1500
1 8 1500
1 9 900
1 10 64
4 0 0
2 7 0
1 7 1500
2 4 0
2 5 0
1 4 1000
1 5 8
2 1 0 
2 2 0
1 1 1000
4 0 0
2 3 0
2 6 0
2 7 0
2 8 0
4 0 0
1 11 3000
1 12 1000
2 1 0
2 4 0
2 10 0
2 12 0
2 11 0
2 5 0
2 9 0
4 0 0
1 1 500
1 2 500
1 3 500
1 4 500
1 5 500
1 6 1500
1 7 1500
1 8 1500
1 9 900
1 10 64
2 7 0
1 7 1500
2 4 0
2 5 0
1 4 1000
1 5 8
2 1 0 
2 2 0
1 1 1000
2 3 0
2 6 0
2 7 0
2 8 0
1 11 3000
1 12 1000
2 1 0
2 4 0
2 10 0
2 12 0
2 11 0
2 5 0
2 9 0
1 9 8000
4 0 0
2 9 0
4 0 0
1 1 500
1 2 500
1 3 500
1 4 500
1 5 500
1 6 1500
1 7 1500
1 8 1500
1 9 900
1 10 64
2 7 0
1 7 1500
2 4 0
2 5 0
1 4 1000
1 5 8
2 1 0 
2 2 0
1 1 1000
2 3 0
2 6 0
2 7 0
2 8 0
1 11 3000
1 12 1000
2 1 0
2 4 0
2 10 0
2 12 0
2 11 0
2 5 0
2 9 0
1 1 500
1 2 500
1 3 500
1 4 500
1 5 500
1 6 1500
1 7 1500
1 8 1500
1 9 900
1 10 64
2 7 0
1 7 1500
2 4 0
2 5 0
1 4 1000
1 5 8
2 1 0 
2 2 0
1 1 1000
2 3 0
2 6 0
2 7 0
2 8 0
1 11 3000
1 12 1000
2 1 0
2 4 0
2 10 0
2 12 0
2 11 0
2 5 0
2 9 0
1 9 8000
2 9 0
4 0 0
1 1 5000
1 2 5000
4 0 0
2 2 0
2 1 0
4 0 0
0 0 0
